0.0 0.2299460619688034 0.042058251798152924 0.4884110391139984 0.0 0.1132076531648636 0.0 0.04482411220669746 0.0653296411037445 0.0 0.0 0.0 0.0 0.0 0.0 0.0 0.0 0.0 0.0 0.0
0.0 0.0 0.0 0.0 0.0 0.388615757226944 0.0 0.5051479935646057 0.0 0.09974693506956099 0.0 0.0 0.0 0.0 0.0 0.0 0.0 0.0 0.0 0.0 
0.0 0.0 0.0 0.0 0.0 0.3251153826713562 0.0 0.0 0.6716399788856506 0.0 0.0 0.0 0.0 0.0 0.0 0.0 0.0 0.0 0.0 0.0
0.0 0.0 0.0 0.0 0.14249049127101898 0.3306387364864349 0.06834735721349716 0.26414909958839417 0.07201465219259262 0.0 0.035979479551315315 0.0 0.0 0.0 0.0 0.0 0.06691232323646545 0.0 0.0 0.0 
0.0 0.0 0.0 0.0 0.0 0.2305530458688736 0.2470176666975021 0.2448223978281021 0.0 0.0 0.2678728997707367 0.0 0.0 0.0 0.0 0.0 0.0 0.0 0.0 0.0 
0.0 0.0 0.0 0.0 0.0 0.0 0.09797290712594986 0.7074047327041626 0.09223157912492752 0.0 0.0 0.0 0.0 0.0 0.0 0.0 0.09265686571598053 0.0 0.0 0.0 
0.0 0.0 0.0 0.0 0.0 0.0 0.0 0.1951419711112976 0.8016133904457092 0.0 0.0 0.0 0.0 0.0 0.0 0.0 0.0 0.0 0.0 0.0 
0.0 0.0 0.0 0.0 0.0 0.0 0.0 0.0 0.8629158735275269 0.0 0.13383950293064115 0.0 0.0 0.0 0.0 0.0 0.0 0.0 0.0 0.0 
0.2548128962516785 0.0 0.0 0.0 0.0 0.0 0.0 0.0 0.0 0.13389572501182556 0.17823922634124756 0.0 0.0 0.0 0.0 0.0 0.36945706605911255 0.04737183451652527 0.0 0.0 
0.8289398550987244 0.0 0.0 0.0 0.0 0.0 0.0 0.0 0.0 0.0 0.16781549155712128 0.0 0.0 0.0 0.0 0.0 0.0 0.0 0.0 0.0 
0.07282103598117827 0.0 0.0 0.0 0.0 0.0 0.0 0.0 0.0 0.0 0.0 0.347127377986908 0.5092442035675049 0.0 0.061073437333107 0.0 0.0 0.0 0.0 0.0 
0.0 0.0 0.0 0.0 0.0 0.0 0.0 0.0 0.0 0.0 0.0 0.0 1.0 0.0 0.0 0.0 0.0 0.0 0.0 0.0 
0.0 0.0 0.0 0.0 0.0 0.0 0.0 0.0 0.0 0.0 0.0 0.0 0.0 0.7415057420730591 0.17090605199337006 0.08109892904758452 0.0 0.0 0.0 0.0 
0.3238103687763214 0.0 0.00043529714457690716 0.0 0.0 0.0 0.0 0.0 0.0 0.0 0.0 0.0 0.0 0.0 0.4457084834575653 0.22031192481517792 0.0 0.0 0.0 0.0 
0.4514888226985931 0.0 0.13535763323307035 0.12828007340431213 0.0 0.0 0.0 0.0 0.0 0.0 0.0 0.0 0.0 0.0 0.0 0.14597398042678833 0.1259208768606186 0.0 0.0 0.0 
0.77068692445755 0.0 0.0 0.2260684072971344 0.0 0.0 0.0 0.0 0.0 0.0 0.0 0.0 0.0 0.0 0.0 0.0 0.0 0.0 0.0 0.0 
0.8473984003067017 0.0 0.0 0.14935697615146634 0.0 0.0 0.0 0.0 0.0 0.0 0.0 0.0 0.0 0.0 0.0 0.0 0.0 0.0 0.0 0.0 
0.9914252758026124 0.0 0.0 0.00533009460195899 0.0 0.0 0.0 0.0 0.0 0.0 0.0 0.0 0.0 0.0 0.0 0.0 0.0 0.0 0.0 0.0 
0.3238103687763214 0.0 0.00043529714457690716 0.0 0.0 0.0 0.0 0.0 0.0 0.0 0.0 0.0 0.0 0.0 0.4457084834575653 0.22031192481517792 0.0 0.0 0.0 0.0 
0.4514888226985931 0.0 0.13535763323307035 0.12828007340431213 0.0 0.0 0.0 0.0 0.0 0.0 0.0 0.0 0.0 0.0 0.0 0.14597398042678833 0.1259208768606186 0.0 0.0 0.0 
